{
   "Caption" : "Daisy Chain Engine",
   "ClearColorW" : 0.13000001013278961,
   "ClearColorX" : 0.087000004947185516,
   "ClearColorY" : 0.10900000482797623,
   "ClearColorZ" : 0.15200001001358032,
   "Exposure" : 0.89100003242492676,
   "Framerate" : 60,
   "Fullscreen" : false,
   "MaxDrawLayers" : 5,
   "ScreenHeight" : 900,
   "ScreenWidth" : 1440
}
