{
   "Caption" : "Daisy Chain Engine",
   "ClearColorW" : 1,
   "ClearColorX" : 0.2070000171661377,
   "ClearColorY" : 0.2070000171661377,
   "ClearColorZ" : 0.22100001573562622,
   "Framerate" : 60,
   "Fullscreen" : false,
   "MaxDrawLayers" : 5,
   "ScreenHeight" : 1000,
   "ScreenWidth" : 1565
}
