{
   "Caption" : "Daisy Chain Engine",
   "ClearColorW" : 1,
   "ClearColorX" : 0.22600001096725464,
   "ClearColorY" : 0.23700001835823059,
   "ClearColorZ" : 0.1940000057220459,
   "Exposure" : 0.39900001883506775,
   "Framerate" : 60,
   "Fullscreen" : false,
   "MaxDrawLayers" : 5,
   "ScreenHeight" : 1021,
   "ScreenWidth" : 1659
}
