{
   "Caption" : "Daisy Chain Engine",
   "ClearColorW" : 1,
   "ClearColorX" : 0.27800002694129944,
   "ClearColorY" : 0.31600001454353333,
   "ClearColorZ" : 0.29100000858306885,
   "Exposure" : 0.39900001883506775,
   "Framerate" : 60,
   "Fullscreen" : false,
   "MaxDrawLayers" : 5,
   "ScreenHeight" : 900,
   "ScreenWidth" : 1440
}
